17264815 18683656 50302383 228329001 738369305 743352567 766675777 849073122 850943754 855988746 857445111 859848462 863487722 868106138 906214566 907047222 937229271 1054349154 1063034554 1063127440 1063626686 1063860075 1280619890 1286970521 1403062429 1518358142 1525478555 1933177342 1934124763 1946073435
18683656 50302383 228329001 738369305 743352567 766675777 849073122 850943754 855988746 857445111 859848462 863487722 868106138 906214566 907047222 937229271 1054349154 1063034554 1063127440 1063626686 1063860075 1280619890 1286970521 1403062429 1518358142 1525478555 1933177342 1934124763 1946073435
50302383 228329001 738369305 743352567 766675777 849073122 850943754 855988746 857445111 859848462 863487722 868106138 906214566 907047222 937229271 1054349154 1063034554 1063127440 1063626686 1063860075 1280619890 1286970521 1403062429 1518358142 1525478555 1933177342 1934124763 1946073435
228329001 738369305 743352567 766675777 849073122 850943754 855988746 857445111 859848462 863487722 868106138 906214566 907047222 937229271 1054349154 1063034554 1063127440 1063626686 1063860075 1280619890 1286970521 1403062429 1518358142 1525478555 1933177342 1934124763 1946073435
738369305 743352567 766675777 849073122 850943754 855988746 857445111 859848462 863487722 868106138 906214566 907047222 937229271 1054349154 1063034554 1063127440 1063626686 1063860075 1280619890 1286970521 1403062429 1518358142 1525478555 1933177342 1934124763 1946073435
743352567 766675777 849073122 850943754 855988746 857445111 859848462 863487722 868106138 906214566 907047222 937229271 1054349154 1063034554 1063127440 1063626686 1063860075 1280619890 1286970521 1403062429 1518358142 1525478555 1933177342 1934124763 1946073435
766675777 849073122 850943754 855988746 857445111 859848462 863487722 868106138 906214566 907047222 937229271 1054349154 1063034554 1063127440 1063626686 1063860075 1280619890 1286970521 1403062429 1518358142 1525478555 1933177342 1934124763 1946073435
849073122 850943754 855988746 857445111 859848462 863487722 868106138 906214566 907047222 937229271 1054349154 1063034554 1063127440 1063626686 1063860075 1280619890 1286970521 1403062429 1518358142 1525478555 1933177342 1934124763 1946073435
850943754 855988746 857445111 859848462 863487722 868106138 906214566 907047222 937229271 1054349154 1063034554 1063127440 1063626686 1063860075 1280619890 1286970521 1403062429 1518358142 1525478555 1933177342 1934124763 1946073435
855988746 857445111 859848462 863487722 868106138 906214566 907047222 937229271 1054349154 1063034554 1063127440 1063626686 1063860075 1280619890 1286970521 1403062429 1518358142 1525478555 1933177342 1934124763 1946073435
857445111 859848462 863487722 868106138 906214566 907047222 937229271 1054349154 1063034554 1063127440 1063626686 1063860075 1280619890 1286970521 1403062429 1518358142 1525478555 1933177342 1934124763 1946073435
859848462 863487722 868106138 906214566 907047222 937229271 1054349154 1063034554 1063127440 1063626686 1063860075 1280619890 1286970521 1403062429 1518358142 1525478555 1933177342 1934124763 1946073435
863487722 868106138 906214566 907047222 937229271 1054349154 1063034554 1063127440 1063626686 1063860075 1280619890 1286970521 1403062429 1518358142 1525478555 1933177342 1934124763 1946073435
868106138 906214566 907047222 937229271 1054349154 1063034554 1063127440 1063626686 1063860075 1280619890 1286970521 1403062429 1518358142 1525478555 1933177342 1934124763 1946073435
906214566 907047222 937229271 1054349154 1063034554 1063127440 1063626686 1063860075 1280619890 1286970521 1403062429 1518358142 1525478555 1933177342 1934124763 1946073435
907047222 937229271 1054349154 1063034554 1063127440 1063626686 1063860075 1280619890 1286970521 1403062429 1518358142 1525478555 1933177342 1934124763 1946073435
937229271 1054349154 1063034554 1063127440 1063626686 1063860075 1280619890 1286970521 1403062429 1518358142 1525478555 1933177342 1934124763 1946073435
1054349154 1063034554 1063127440 1063626686 1063860075 1280619890 1286970521 1403062429 1518358142 1525478555 1933177342 1934124763 1946073435
1063034554 1063127440 1063626686 1063860075 1280619890 1286970521 1403062429 1518358142 1525478555 1933177342 1934124763 1946073435
1063127440 1063626686 1063860075 1280619890 1286970521 1403062429 1518358142 1525478555 1933177342 1934124763 1946073435
1063626686 1063860075 1280619890 1286970521 1403062429 1518358142 1525478555 1933177342 1934124763 1946073435
1063860075 1280619890 1286970521 1403062429 1518358142 1525478555 1933177342 1934124763 1946073435
1280619890 1286970521 1403062429 1518358142 1525478555 1933177342 1934124763 1946073435
1286970521 1403062429 1518358142 1525478555 1933177342 1934124763 1946073435
1403062429 1518358142 1525478555 1933177342 1934124763 1946073435
1518358142 1525478555 1933177342 1934124763 1946073435
1525478555 1933177342 1934124763 1946073435
1933177342 1934124763 1946073435
1934124763 1946073435
